0.0 50.0 0.49469630719194896 0.4983117064174838 0.49108090796641446 0.0 0.0 0.0 0.0
1.0 28.17142857142857 0.5053284971307878 0.5029749892356653 0.5113292261858924 1.6677804295942418 1.7130831643002282 0.07985714285714286 0.29814285714285715
2.0 31.285714285714285 0.5030049470378348 0.49257517878364476 0.5259123375869912 0.6020790020790159 1.3670319634703285 0.11957142857142856 0.08842857142857143
3.0 38.885714285714286 0.5032742438412487 0.483776961454091 0.5339169235077563 0.5203833567087487 1.5924320352681913 0.1422857142857143 0.06628571428571428
4.0 46.12857142857143 0.5091225039468699 0.4820532756070784 0.5407354057955344 0.6693715194908602 1.7545989470424208 0.1457142857142857 0.07328571428571429
5.0 53.81428571428572 0.5132609483923671 0.4811763659986522 0.5407973048773362 0.7467367769873267 1.9121316697637285 0.146 0.06914285714285714
6.0 60.71428571428571 0.5134735358771267 0.4775098872533837 0.5367441320454301 0.9402909090909201 1.9947294117646914 0.1412857142857143 0.07228571428571429
7.0 65.44285714285715 0.506810347100963 0.45466033528990046 0.5343481944205354 1.1208763952046406 2.0950010914647286 0.1327142857142857 0.08542857142857142
8.0 67.98571428571428 0.5109170317241716 0.45923950627982424 0.53525183620427 1.3022757697456622 2.167934440008388 0.11571428571428571 0.09028571428571429
9.0 71.98571428571428 0.5079517758383527 0.43930451101804785 0.5346668554796742 1.3445181030086797 2.1764635840444377 0.12228571428571429 0.08228571428571428
10.0 74.11428571428571 0.5097155346191559 0.4509807545533683 0.5302296867932511 1.480242825607075 2.2405936777177944 0.10614285714285714 0.08485714285714285
11.0 75.95714285714286 0.5083892306253822 0.43814873326833503 0.5306225872272077 1.5759952465834925 2.257024637953717 0.10357142857142858 0.08514285714285715
12.0 75.12857142857143 0.5067667437009007 0.4408977181402152 0.528572785439091 1.6699597932222978 2.280281422323622 0.08928571428571429 0.09757142857142857
13.0 76.71428571428571 0.4997822823892961 0.43524607254591774 0.5193714857495754 1.6323926380368219 2.256238361266279 0.09842857142857143 0.08257142857142857
14.0 78.05714285714286 0.4935851731119105 0.418410168375595 0.5147178245165532 1.572526041666675 2.2982430453879767 0.09342857142857143 0.08
15.0 78.11428571428571 0.4892198038997777 0.3896002524479942 0.5171307682055802 1.631853785900792 2.336393562545707 0.083 0.08242857142857143
16.0 78.95714285714286 0.4907045197946303 0.39231268891849924 0.5169269129338621 1.6085539714867685 2.3292201917857644 0.08314285714285714 0.07471428571428572
17.0 79.02857142857142 0.4845296921784244 0.38504682164337667 0.5109289788641523 1.6130790190735746 2.3354302241503824 0.07985714285714286 0.07914285714285714
18.0 79.21428571428571 0.4820596362033267 0.3968978814436738 0.5044059577858864 1.5759450171821372 2.354661857529291 0.08128571428571428 0.07942857142857143
19.0 78.97142857142858 0.4763069789659343 0.38559269382990896 0.5004624470774078 1.6387228260869635 2.362264833574517 0.07571428571428572 0.07814285714285714
20.0 78.62857142857142 0.471941074919777 0.377971790938256 0.4974821448391741 1.726737967914447 2.329614825581381 0.08371428571428571 0.08714285714285715
21.0 79.27142857142857 0.47183637327677624 0.37815056251939577 0.4963341406959445 1.6803583735355023 2.3425121643539213 0.08328571428571428 0.07685714285714286
22.0 78.57142857142857 0.47333161119518313 0.3916233618904005 0.49561567918739746 1.6857333333333424 2.3431999999999853 0.07571428571428572 0.08271428571428571
23.0 77.4 0.46865043080237634 0.38918091625547313 0.4918547076597411 1.6457648546144195 2.3344038390549895 0.07142857142857142 0.08314285714285714
24.0 77.65714285714286 0.4638958274955275 0.3689264246574037 0.4912196218367406 1.555882352941184 2.3340323767475946 0.07914285714285714 0.07657142857142857
25.0 78.27142857142857 0.4612336367725025 0.3759852148301976 0.48489905925365745 1.5726495726495808 2.3244752692096946 0.08328571428571428 0.07714285714285714
26.0 78.01428571428572 0.4568065258997629 0.3613001310861634 0.48372180544895194 1.634827810266416 2.3359091741439157 0.07914285714285714 0.08171428571428571
27.0 77.51428571428572 0.4513414270469248 0.3608617186303604 0.47758821308593497 1.6171537484116985 2.3415407298193753 0.07742857142857143 0.08242857142857143
28.0 77.62857142857142 0.4526029475383537 0.36973035200910476 0.47648562781049264 1.57024265644956 2.3038277511961565 0.08342857142857144 0.08228571428571428
29.0 76.3 0.44607749384174844 0.359259674855573 0.4730444965936793 1.6053044002411188 2.3259689196779516 0.07314285714285715 0.08642857142857142
30.0 76.94285714285715 0.4483734823087931 0.36335150482323014 0.47385166122852895 1.5132589838909642 2.2996286669142068 0.08157142857142857 0.07514285714285714
31.0 77.15714285714286 0.4446225974830224 0.3539610812669886 0.47146350924555497 1.5699812382739295 2.3167931864469398 0.08185714285714285 0.07971428571428571
32.0 76.4857142857143 0.4393507316376079 0.3478984099893638 0.46746625674649955 1.5342648845686588 2.3402689577885556 0.07314285714285715 0.07985714285714286
33.0 76.31428571428572 0.4344011896408436 0.3435555551666846 0.462597008053077 1.5193003618817926 2.3376263571695852 0.08071428571428571 0.08242857142857143
34.0 76.4 0.4321546470258366 0.3390989150757831 0.46089961134548674 1.5157384987893519 2.3271877337322224 0.08271428571428571 0.08185714285714285
